ticket_id,issue_description,resolution
e4ea9654,Email verification link expired.,Sent new verification link.
83b2c098,App crashes when filtering data.,Extended session timeout limit.
f7216eea,User session timing out too quickly.,Extended session timeout limit.
99343496,Subscription auto-renewal failed.,Restarted server instance; issue resolved.
c527bcae,UI elements misaligned on mobile view.,Updated payment gateway; renewal went through.
a5cc1108,Data not syncing across devices.,Cleared cache and restored analytics module.
7c726eb0,Subscription auto-renewal failed.,Reconnected notification service.
b7d0f1ea,Payment method not being accepted.,Patched crash issue in filter module.
248b91b2,Payment method not being accepted.,Extended session timeout limit.
9eb4a83c,Unable to update profile information.,Patched crash issue in filter module.
121f9244,Graph values showing incorrect numbers.,Added to roadmap for next update.
fbeafe1c,Billing amount incorrect for this month.,Patched export function; data now visible.
8d00a6f6,Billing amount incorrect for this month.,Corrected data logic in analytics engine.
393ea084,Email verification link expired.,Restarted server instance; issue resolved.
86f63469,API keys not generating properly.,Patched crash issue in filter module.
9d3d38ad,Data not syncing across devices.,Fixed payment validation logic.
a916bc6f,Data not syncing across devices.,Patched crash issue in filter module.
572f6ec0,Unable to update profile information.,Regenerated API key; tested successfully.
fc2acade,Graph values showing incorrect numbers.,Reset password and notified user.
297dcb58,Feature request: Need dark mode support.,Synced backend service; issue fixed.
79051d18,User unable to login due to incorrect password.,Reconnected notification service.
6d81b3a1,Unable to update profile information.,Reconfigured 2FA setup for the user.
70049c95,Analytics graph not loading on home screen.,Synced backend service; issue fixed.
cd5abe30,Feature request: Need dark mode support.,Corrected data logic in analytics engine.
588f31ca,API keys not generating properly.,Sent new verification link.
5335587a,Two-factor authentication not working.,Extended session timeout limit.
4c0d0843,Billing amount incorrect for this month.,Reconnected notification service.
05df2ae4,Dashboard widgets loading slowly.,Added to roadmap for next update.
2bc21841,Analytics graph not loading on home screen.,Forwarded to product team for review.
6eb8e00a,Data not syncing across devices.,Reconnected notification service.
e499006b,API keys not generating properly.,Fixed payment validation logic.
211efbb2,UI elements misaligned on mobile view.,Fixed payment validation logic.
9ef8d3d6,Billing amount incorrect for this month.,Synced backend service; issue fixed.
d7d39391,Payment method not being accepted.,Extended session timeout limit.
e0eb9a2f,Dashboard showing 503 service unavailable error.,Sent new verification link.
3d682f0b,Payment method not being accepted.,Sent new verification link.
67a37bc3,Two-factor authentication not working.,Restarted server instance; issue resolved.
4ac5e20b,Subscription auto-renewal failed.,Cleared cache and restored analytics module.
23375b4d,Analytics graph not loading on home screen.,Forwarded to product team for review.
612ff1a7,Dashboard showing 503 service unavailable error.,Synced backend service; issue fixed.
5389cc02,Subscription auto-renewal failed.,Corrected data logic in analytics engine.
47131fc8,UI elements misaligned on mobile view.,Sent new verification link.
d7f4d57f,Billing amount incorrect for this month.,Patched export function; data now visible.
a6b4cf4e,API keys not generating properly.,Patched export function; data now visible.
e2701e62,Dashboard widgets loading slowly.,Added to roadmap for next update.
903f211b,API keys not generating properly.,Reconnected notification service.
ba663d47,UI elements misaligned on mobile view.,Corrected data logic in analytics engine.
ea7481f5,Dashboard widgets loading slowly.,Cleared cache and restored analytics module.
820f5f8a,User session timing out too quickly.,Forwarded to product team for review.
55d9c33b,User unable to login due to incorrect password.,Patched export function; data now visible.
